****-------- WELCOME TO VECTOR QUANTIZATION (Kmeans) --------****
-Common Settings are : -
 P (#of Cepstral Coefficients)= : 12
 CodeBook Size (Y) : 8
 Universe Size (X) : 6340
 Threshold Delta : 0.000010
 Tokhura Weights : 1.0(1) 3.0(2) 7.0(3) 13.0(4) 19.0(5) 22.0(6) 25.0(7) 33.0(8) 42.0(9) 50.0(10) 56.0(11) 61.0(12) 
----------------------------------------------------------------

Number of Cepstral Coefficients Vectors read from file are: 6340

	---------------------- Starting K Means Algo ----------------------
Universe    c[1]	    c[2]	   c[3]		   c[4]		   c[5]		   c[6]		   c[7]		   c[8]		    c[9]	   c[10]	  c[11]		   c[12]
X[4131]	 1.967506	 -0.055733	 0.851338	 0.707532	 0.131001	 0.225348	 0.071143	 -0.203138	 0.013553	 -0.089499	 -0.140591	 0.023720
X[3891]	 1.736256	 -0.244407	 1.141183	 0.694827	 0.142551	 0.306499	 0.245847	 -0.362280	 -0.090639	 0.072763	 -0.064736	 -0.054391
X[4160]	 1.870302	 -0.909664	 0.896748	 0.649303	 0.012577	 0.211166	 0.219972	 -0.150578	 -0.176227	 -0.100112	 -0.058664	 0.017335
X[3303]	 2.180706	 -0.912869	 1.098385	 0.666622	 0.052691	 0.084799	 -0.114115	 -0.117603	 0.036500	 -0.168277	 -0.148268	 0.059127
X[3240]	 1.196476	 -2.123660	 0.665041	 0.710578	 0.512160	 0.389800	 -0.026036	 -0.006585	 0.059560	 0.025920	 0.159362	 0.084679
X[1387]	 1.592208	 -1.783895	 0.294637	 0.405184	 0.593937	 0.478982	 -0.033642	 -0.134066	 -0.206468	 -0.085462	 0.230990	 0.018796
X[3387]	 1.643914	 -0.849817	 1.009253	 0.762789	 0.042492	 0.286310	 0.187105	 -0.147734	 -0.001120	 0.005164	 -0.149481	 -0.022459
X[1639]	 1.732698	 -2.236540	 0.528509	 0.492409	 0.345293	 0.514392	 0.120619	 -0.120213	 -0.268080	 -0.116599	 0.218868	 -0.013290

	 --> Iteration: 1 	 Codebook
Cluster Size    c[1]	    c[2]	   c[3]		   c[4]		   c[5]		   c[6]		   c[7]		   c[8]		    c[9]	   c[10]	  c[11]		   c[12]
[452]	 1.893640	 -0.394176	 0.748166	 0.647251	 0.147129	 0.144962	 0.055763	 -0.184852	 -0.020150	 -0.052733	 -0.110239	 0.008226
[195]	 1.857899	 -0.421791	 0.895474	 0.674497	 0.119253	 0.196487	 0.210910	 -0.245775	 -0.149603	 0.098149	 -0.001508	 -0.081575
[1164]	 1.852772	 -0.745351	 0.681191	 0.628255	 0.007403	 0.039710	 0.187818	 -0.096305	 -0.187464	 -0.032243	 -0.007474	 -0.064070
[1607]	 2.239539	 -0.912840	 0.676631	 0.334541	 -0.051179	 -0.156848	 -0.308197	 -0.133853	 -0.057916	 -0.111205	 0.009973	 0.032324
[1103]	 0.953948	 -1.762670	 0.354566	 1.016653	 0.414692	 0.261702	 0.180592	 -0.132868	 -0.004792	 0.222639	 0.157750	 -0.037267
[486]	 1.495337	 -1.715550	 0.273124	 0.457961	 0.482162	 0.445658	 0.090798	 -0.135793	 -0.190229	 -0.017172	 0.175289	 0.003357
[576]	 1.778507	 -0.697897	 0.844892	 0.730491	 0.046116	 0.199805	 0.136302	 -0.105873	 -0.010153	 0.015266	 -0.123504	 -0.065488
[757]	 1.725592	 -1.858235	 0.268249	 0.520097	 0.340661	 0.524699	 0.210029	 -0.138905	 -0.264452	 -0.038677	 0.199954	 0.016817
	 --> Iteration: 1 	 Current Distortion: 9.894353


	 --> Iteration: 2 	 Codebook
Cluster Size    c[1]	    c[2]	   c[3]		   c[4]		   c[5]		   c[6]		   c[7]		   c[8]		    c[9]	   c[10]	  c[11]		   c[12]
[1029]	 1.887559	 -0.554811	 0.871940	 0.620310	 0.107432	 0.155495	 0.003844	 -0.153711	 -0.000549	 -0.107211	 -0.123125	 0.044416
[303]	 1.952581	 -0.514291	 0.867784	 0.731632	 0.084945	 0.200533	 0.233217	 -0.208306	 -0.155630	 0.089832	 0.006859	 -0.092016
[725]	 1.741360	 -0.694333	 0.647947	 0.733074	 0.035475	 -0.022478	 0.233074	 -0.065914	 -0.198485	 -0.027064	 -0.018073	 -0.098751
[1209]	 2.366634	 -1.018582	 0.531202	 0.159509	 -0.112491	 -0.285597	 -0.404243	 -0.143452	 -0.114956	 -0.083195	 0.091172	 0.014798
[1060]	 0.937783	 -1.793857	 0.335520	 1.056300	 0.411881	 0.251638	 0.189641	 -0.144516	 -0.014957	 0.232711	 0.161842	 -0.044536
[687]	 1.514264	 -1.768995	 0.345005	 0.453379	 0.469409	 0.445929	 0.081835	 -0.125226	 -0.168676	 -0.014185	 0.164735	 0.001989
[668]	 1.843895	 -0.729873	 0.900669	 0.768213	 0.013705	 0.182879	 0.119765	 -0.113747	 -0.023830	 -0.026924	 -0.139518	 -0.052163
[659]	 1.759735	 -1.692965	 0.212630	 0.489786	 0.300565	 0.547955	 0.270701	 -0.120875	 -0.265672	 -0.030093	 0.201193	 0.026222
	 --> Iteration: 2 	 Current Distortion: 5.168495


	 --> Iteration: 3 	 Codebook
Cluster Size    c[1]	    c[2]	   c[3]		   c[4]		   c[5]		   c[6]		   c[7]		   c[8]		    c[9]	   c[10]	  c[11]		   c[12]
[1049]	 1.880126	 -0.574137	 0.893730	 0.581632	 0.098813	 0.168547	 -0.010494	 -0.136248	 0.012690	 -0.115915	 -0.118021	 0.058833
[397]	 2.004050	 -0.560282	 0.797752	 0.719497	 0.068565	 0.207540	 0.224475	 -0.196989	 -0.147375	 0.090459	 0.008596	 -0.090368
[650]	 1.701272	 -0.655440	 0.645986	 0.767809	 0.073556	 -0.052244	 0.236598	 -0.049933	 -0.194613	 -0.031824	 -0.022671	 -0.109392
[1157]	 2.383664	 -1.041937	 0.514056	 0.156262	 -0.120687	 -0.304040	 -0.410614	 -0.148418	 -0.123661	 -0.077937	 0.095944	 0.010138
[1038]	 0.946296	 -1.802517	 0.328294	 1.066770	 0.408694	 0.250849	 0.191680	 -0.147493	 -0.016349	 0.234790	 0.162835	 -0.046780
[940]	 1.526086	 -1.833897	 0.370286	 0.447878	 0.450978	 0.452617	 0.084583	 -0.124280	 -0.175571	 -0.029439	 0.167980	 0.007200
[651]	 1.892810	 -0.717040	 0.927038	 0.807323	 -0.016250	 0.154220	 0.109098	 -0.146891	 -0.051120	 -0.039042	 -0.146148	 -0.056747
[458]	 1.752906	 -1.449052	 0.099048	 0.484431	 0.252601	 0.558588	 0.358501	 -0.101553	 -0.269168	 0.003765	 0.194236	 0.028341
	 --> Iteration: 3 	 Current Distortion: 4.474568


	 --> Iteration: 4 	 Codebook
Cluster Size    c[1]	    c[2]	   c[3]		   c[4]		   c[5]		   c[6]		   c[7]		   c[8]		    c[9]	   c[10]	  c[11]		   c[12]
[1008]	 1.864422	 -0.585355	 0.878770	 0.556724	 0.108068	 0.178487	 -0.012860	 -0.119462	 0.021572	 -0.117596	 -0.114600	 0.062180
[426]	 2.029410	 -0.563240	 0.720077	 0.696708	 0.071415	 0.209171	 0.215497	 -0.187137	 -0.133958	 0.094398	 0.012912	 -0.092160
[601]	 1.622414	 -0.644107	 0.656574	 0.774268	 0.100821	 -0.064268	 0.240086	 -0.038913	 -0.195683	 -0.033621	 -0.020428	 -0.106828
[1142]	 2.388535	 -1.050314	 0.508676	 0.157399	 -0.122711	 -0.309032	 -0.412240	 -0.150707	 -0.126085	 -0.076738	 0.096275	 0.008965
[1031]	 0.959711	 -1.813664	 0.326397	 1.072051	 0.407410	 0.253102	 0.190240	 -0.149665	 -0.015983	 0.234789	 0.163548	 -0.047061
[1079]	 1.590754	 -1.918051	 0.382415	 0.459801	 0.435112	 0.470811	 0.091752	 -0.136688	 -0.200228	 -0.046746	 0.178663	 0.014610
[741]	 1.902446	 -0.692096	 0.959702	 0.810941	 -0.029958	 0.131256	 0.106047	 -0.166747	 -0.067868	 -0.045639	 -0.143925	 -0.053674
[312]	 1.670422	 -1.002374	 -0.069726	 0.468004	 0.208878	 0.550775	 0.462929	 -0.052499	 -0.235914	 0.077437	 0.173784	 0.012146
	 --> Iteration: 4 	 Current Distortion: 4.298129


	 --> Iteration: 5 	 Codebook
Cluster Size    c[1]	    c[2]	   c[3]		   c[4]		   c[5]		   c[6]		   c[7]		   c[8]		    c[9]	   c[10]	  c[11]		   c[12]
[964]	 1.840752	 -0.594805	 0.881040	 0.545956	 0.118159	 0.182524	 -0.014830	 -0.105961	 0.027638	 -0.117531	 -0.112075	 0.063900
[420]	 2.044606	 -0.546624	 0.672172	 0.680143	 0.084981	 0.205534	 0.204635	 -0.184680	 -0.126337	 0.097241	 0.009639	 -0.094096
[541]	 1.736002	 -0.647748	 0.715558	 0.843560	 0.105395	 -0.072149	 0.241289	 -0.042758	 -0.208006	 -0.039255	 -0.020151	 -0.109809
[1135]	 2.395014	 -1.052166	 0.508868	 0.158763	 -0.124395	 -0.310696	 -0.413875	 -0.152106	 -0.127304	 -0.077094	 0.096846	 0.008552
[1042]	 0.958353	 -1.812177	 0.331261	 1.066931	 0.409141	 0.254522	 0.188087	 -0.148580	 -0.014687	 0.233718	 0.163301	 -0.046030
[1053]	 1.654995	 -1.975043	 0.381862	 0.492065	 0.433869	 0.486269	 0.093368	 -0.153170	 -0.217719	 -0.057227	 0.186880	 0.017955
[817]	 1.917858	 -0.675243	 0.969020	 0.808000	 -0.036392	 0.123734	 0.104177	 -0.178896	 -0.077724	 -0.049119	 -0.139615	 -0.049473
[368]	 1.316497	 -0.854073	 -0.077968	 0.306653	 0.199520	 0.452689	 0.431109	 0.001051	 -0.168022	 0.092010	 0.132378	 -0.005952
	 --> Iteration: 5 	 Current Distortion: 4.115577


	 --> Iteration: 6 	 Codebook
Cluster Size    c[1]	    c[2]	   c[3]		   c[4]		   c[5]		   c[6]		   c[7]		   c[8]		    c[9]	   c[10]	  c[11]		   c[12]
[894]	 1.866681	 -0.601968	 0.893572	 0.559424	 0.118888	 0.184538	 -0.025766	 -0.103140	 0.032964	 -0.124926	 -0.114030	 0.065349
[371]	 2.099516	 -0.532868	 0.653473	 0.691072	 0.085838	 0.204588	 0.193009	 -0.199426	 -0.132859	 0.097478	 0.007572	 -0.096191
[498]	 2.064960	 -0.692839	 0.812509	 0.971217	 0.070709	 -0.076259	 0.229331	 -0.077447	 -0.234097	 -0.056683	 -0.028910	 -0.120078
[1123]	 2.409628	 -1.052261	 0.511813	 0.163041	 -0.126492	 -0.313162	 -0.418226	 -0.154136	 -0.128946	 -0.078476	 0.098274	 0.007890
[1046]	 0.958420	 -1.811989	 0.332381	 1.065224	 0.409089	 0.254933	 0.187651	 -0.148388	 -0.014603	 0.233181	 0.163039	 -0.045773
[1043]	 1.665954	 -1.982933	 0.380257	 0.493530	 0.432568	 0.488515	 0.093784	 -0.154881	 -0.220390	 -0.058796	 0.188372	 0.017913
[862]	 1.913492	 -0.663128	 0.969208	 0.792162	 -0.037993	 0.130243	 0.100556	 -0.186155	 -0.079239	 -0.052288	 -0.134862	 -0.041494
[503]	 1.017475	 -0.763144	 0.012255	 0.231216	 0.228009	 0.349634	 0.390885	 0.035220	 -0.116663	 0.099747	 0.097477	 -0.012166
	 --> Iteration: 6 	 Current Distortion: 3.904174


	 --> Iteration: 7 	 Codebook
Cluster Size    c[1]	    c[2]	   c[3]		   c[4]		   c[5]		   c[6]		   c[7]		   c[8]		    c[9]	   c[10]	  c[11]		   c[12]
[820]	 1.886081	 -0.609880	 0.905602	 0.585373	 0.114565	 0.174237	 -0.040884	 -0.106198	 0.034236	 -0.136124	 -0.119825	 0.065175
[347]	 2.124409	 -0.523607	 0.655658	 0.711340	 0.084812	 0.201451	 0.190871	 -0.204300	 -0.144745	 0.092532	 0.009892	 -0.096805
[541]	 2.068350	 -0.703916	 0.836745	 0.980114	 0.055756	 -0.070496	 0.228040	 -0.087031	 -0.232357	 -0.054057	 -0.037219	 -0.123603
[1122]	 2.410617	 -1.052572	 0.512310	 0.163367	 -0.126829	 -0.313439	 -0.418512	 -0.154331	 -0.129086	 -0.078513	 0.098336	 0.007772
[1044]	 0.963444	 -1.815787	 0.330689	 1.067828	 0.407757	 0.255745	 0.188082	 -0.149401	 -0.015296	 0.233073	 0.163516	 -0.045955
[1049]	 1.666314	 -1.979007	 0.376372	 0.495529	 0.430825	 0.489139	 0.096435	 -0.154855	 -0.221744	 -0.057498	 0.189076	 0.018166
[856]	 1.904833	 -0.652431	 0.964796	 0.772460	 -0.035302	 0.143139	 0.095819	 -0.190118	 -0.073486	 -0.053847	 -0.132511	 -0.031988
[561]	 1.054599	 -0.727018	 0.076775	 0.205286	 0.238249	 0.338583	 0.364453	 0.039239	 -0.087628	 0.099349	 0.081328	 -0.008352
	 --> Iteration: 7 	 Current Distortion: 3.764415


	 --> Iteration: 8 	 Codebook
Cluster Size    c[1]	    c[2]	   c[3]		   c[4]		   c[5]		   c[6]		   c[7]		   c[8]		    c[9]	   c[10]	  c[11]		   c[12]
[759]	 1.899942	 -0.619923	 0.911276	 0.594576	 0.114991	 0.165737	 -0.056289	 -0.106697	 0.037683	 -0.143198	 -0.122853	 0.065820
[347]	 2.124692	 -0.523799	 0.656368	 0.718937	 0.082800	 0.195948	 0.190297	 -0.205466	 -0.149475	 0.088179	 0.009873	 -0.096504
[559]	 2.065024	 -0.708796	 0.843801	 0.979509	 0.049946	 -0.067547	 0.227421	 -0.088380	 -0.229796	 -0.053103	 -0.041133	 -0.123660
[1121]	 2.410581	 -1.052716	 0.512194	 0.162664	 -0.127182	 -0.313498	 -0.418274	 -0.154169	 -0.129324	 -0.078494	 0.098567	 0.007809
[1042]	 0.963237	 -1.816809	 0.330091	 1.068815	 0.407403	 0.255431	 0.188348	 -0.149467	 -0.015474	 0.233180	 0.163655	 -0.046167
[1055]	 1.667449	 -1.975302	 0.373797	 0.496924	 0.429792	 0.489565	 0.098225	 -0.154669	 -0.221964	 -0.056590	 0.189358	 0.018190
[875]	 1.899228	 -0.644444	 0.959832	 0.760587	 -0.031590	 0.151053	 0.093546	 -0.191483	 -0.069138	 -0.055887	 -0.131785	 -0.026260
[582]	 1.070109	 -0.708000	 0.108510	 0.201502	 0.241663	 0.336973	 0.356035	 0.040572	 -0.078779	 0.098286	 0.075519	 -0.006001
	 --> Iteration: 8 	 Current Distortion: 3.738088


	 --> Iteration: 9 	 Codebook
Cluster Size    c[1]	    c[2]	   c[3]		   c[4]		   c[5]		   c[6]		   c[7]		   c[8]		    c[9]	   c[10]	  c[11]		   c[12]
[718]	 1.903859	 -0.626435	 0.913715	 0.597012	 0.118014	 0.161931	 -0.066402	 -0.105198	 0.040267	 -0.146448	 -0.123833	 0.065855
[344]	 2.129711	 -0.525203	 0.653463	 0.721621	 0.082282	 0.193352	 0.189918	 -0.205918	 -0.150985	 0.087977	 0.009572	 -0.097754
[574]	 2.061292	 -0.711360	 0.846354	 0.977585	 0.047006	 -0.064685	 0.224577	 -0.089561	 -0.227872	 -0.052647	 -0.042875	 -0.123593
[1121]	 2.410581	 -1.052716	 0.512194	 0.162664	 -0.127182	 -0.313498	 -0.418274	 -0.154169	 -0.129324	 -0.078494	 0.098567	 0.007809
[1042]	 0.963237	 -1.816809	 0.330091	 1.068815	 0.407403	 0.255431	 0.188348	 -0.149467	 -0.015474	 0.233180	 0.163655	 -0.046167
[1068]	 1.665594	 -1.963279	 0.363953	 0.501029	 0.428012	 0.490726	 0.103278	 -0.153889	 -0.223266	 -0.054925	 0.191304	 0.018625
[895]	 1.898021	 -0.637008	 0.957219	 0.752642	 -0.028962	 0.155733	 0.093360	 -0.192043	 -0.066415	 -0.058212	 -0.131511	 -0.021440
[578]	 1.067653	 -0.696730	 0.132190	 0.187893	 0.240744	 0.331632	 0.350709	 0.043623	 -0.070110	 0.098081	 0.067854	 -0.005799
	 --> Iteration: 9 	 Current Distortion: 3.730563


	 --> Iteration: 10 	 Codebook
Cluster Size    c[1]	    c[2]	   c[3]		   c[4]		   c[5]		   c[6]		   c[7]		   c[8]		    c[9]	   c[10]	  c[11]		   c[12]
[679]	 1.905306	 -0.630383	 0.915787	 0.594600	 0.119763	 0.157068	 -0.076177	 -0.103533	 0.043691	 -0.148993	 -0.124488	 0.066573
[348]	 2.126731	 -0.527186	 0.658026	 0.721233	 0.082385	 0.193990	 0.189450	 -0.205799	 -0.150160	 0.087969	 0.008610	 -0.097947
[579]	 2.061163	 -0.712587	 0.846937	 0.976869	 0.046064	 -0.063902	 0.223807	 -0.089778	 -0.227253	 -0.052912	 -0.043702	 -0.123372
[1120]	 2.410859	 -1.053311	 0.511730	 0.162869	 -0.127326	 -0.313802	 -0.418417	 -0.154512	 -0.129536	 -0.078417	 0.098498	 0.007682
[1041]	 0.964439	 -1.817406	 0.329500	 1.069322	 0.407214	 0.255477	 0.188359	 -0.149662	 -0.015670	 0.233300	 0.163749	 -0.046396
[1104]	 1.664453	 -1.932845	 0.341212	 0.508025	 0.421208	 0.495754	 0.115832	 -0.152314	 -0.227569	 -0.049382	 0.193152	 0.019720
[922]	 1.898634	 -0.631896	 0.955143	 0.748469	 -0.025578	 0.158865	 0.092785	 -0.190715	 -0.064225	 -0.060602	 -0.131071	 -0.017644
[547]	 1.030995	 -0.675354	 0.168030	 0.154550	 0.242987	 0.310968	 0.339736	 0.053712	 -0.049946	 0.095706	 0.055360	 -0.008739
	 --> Iteration: 10 	 Current Distortion: 3.724352


	 --> Iteration: 11 	 Codebook
Cluster Size    c[1]	    c[2]	   c[3]		   c[4]		   c[5]		   c[6]		   c[7]		   c[8]		    c[9]	   c[10]	  c[11]		   c[12]
[653]	 1.910331	 -0.633500	 0.916952	 0.591780	 0.120538	 0.154249	 -0.083554	 -0.102425	 0.044768	 -0.151864	 -0.124459	 0.066898
[351]	 2.125786	 -0.528305	 0.660650	 0.721632	 0.083013	 0.194734	 0.189281	 -0.205349	 -0.149338	 0.087455	 0.008046	 -0.097834
[586]	 2.060226	 -0.713713	 0.848308	 0.976316	 0.045149	 -0.062639	 0.222449	 -0.090260	 -0.225870	 -0.052218	 -0.044807	 -0.123575
[1118]	 2.411118	 -1.054187	 0.511272	 0.162573	 -0.127577	 -0.314159	 -0.418476	 -0.154772	 -0.129840	 -0.078202	 0.098707	 0.007548
[1038]	 0.965715	 -1.818830	 0.328724	 1.070535	 0.407005	 0.255056	 0.188410	 -0.150183	 -0.015675	 0.233600	 0.163629	 -0.046750
[1141]	 1.666248	 -1.901428	 0.316961	 0.514594	 0.414003	 0.500258	 0.128866	 -0.149715	 -0.231995	 -0.044568	 0.194656	 0.020023
[936]	 1.896640	 -0.629126	 0.953318	 0.745567	 -0.023864	 0.159756	 0.091371	 -0.190340	 -0.062291	 -0.062462	 -0.131295	 -0.014820
[517]	 0.982666	 -0.656344	 0.216723	 0.119097	 0.247819	 0.288827	 0.324949	 0.062667	 -0.025818	 0.095059	 0.042386	 -0.009871
	 --> Iteration: 11 	 Current Distortion: 3.704403


	 --> Iteration: 12 	 Codebook
Cluster Size    c[1]	    c[2]	   c[3]		   c[4]		   c[5]		   c[6]		   c[7]		   c[8]		    c[9]	   c[10]	  c[11]		   c[12]
[635]	 1.914499	 -0.636824	 0.918330	 0.592643	 0.121191	 0.151344	 -0.089089	 -0.102681	 0.045406	 -0.154122	 -0.124977	 0.067425
[353]	 2.124752	 -0.529842	 0.662459	 0.721953	 0.081082	 0.193997	 0.189401	 -0.205596	 -0.149757	 0.086813	 0.007663	 -0.098214
[592]	 2.058932	 -0.714373	 0.850349	 0.975405	 0.044400	 -0.061938	 0.221143	 -0.091451	 -0.225228	 -0.052094	 -0.045506	 -0.123500
[1117]	 2.411135	 -1.054624	 0.510885	 0.162696	 -0.127741	 -0.314571	 -0.418488	 -0.154768	 -0.129968	 -0.078124	 0.098744	 0.007496
[1037]	 0.965469	 -1.819191	 0.329138	 1.070762	 0.406914	 0.254937	 0.188410	 -0.150040	 -0.015519	 0.233743	 0.163618	 -0.046782
[1164]	 1.668621	 -1.881724	 0.302266	 0.516993	 0.409048	 0.502307	 0.136363	 -0.147928	 -0.233905	 -0.042370	 0.194255	 0.019151
[941]	 1.895068	 -0.627556	 0.951457	 0.743391	 -0.022819	 0.161523	 0.090281	 -0.189589	 -0.060635	 -0.063634	 -0.131231	 -0.013115
[501]	 0.955723	 -0.642506	 0.253615	 0.098510	 0.252501	 0.275345	 0.314751	 0.067091	 -0.010737	 0.095687	 0.035175	 -0.008242
	 --> Iteration: 12 	 Current Distortion: 3.686690


	 --> Iteration: 13 	 Codebook
Cluster Size    c[1]	    c[2]	   c[3]		   c[4]		   c[5]		   c[6]		   c[7]		   c[8]		    c[9]	   c[10]	  c[11]		   c[12]
[614]	 1.917028	 -0.641854	 0.920574	 0.595046	 0.117891	 0.148721	 -0.095486	 -0.103115	 0.046665	 -0.157872	 -0.125497	 0.068242
[354]	 2.124651	 -0.530222	 0.662050	 0.722972	 0.080831	 0.194119	 0.189059	 -0.205165	 -0.149628	 0.086762	 0.007143	 -0.098244
[596]	 2.058841	 -0.714755	 0.850557	 0.975213	 0.043904	 -0.061066	 0.220607	 -0.091536	 -0.224221	 -0.051747	 -0.046128	 -0.123577
[1116]	 2.411181	 -1.055020	 0.510507	 0.162805	 -0.127886	 -0.314955	 -0.418489	 -0.154752	 -0.130100	 -0.078035	 0.098806	 0.007426
[1039]	 0.965982	 -1.818566	 0.329632	 1.070009	 0.406929	 0.255226	 0.188155	 -0.149819	 -0.015412	 0.233539	 0.163625	 -0.046648
[1173]	 1.670450	 -1.872452	 0.296587	 0.516337	 0.406959	 0.503364	 0.140187	 -0.147291	 -0.234847	 -0.041563	 0.193772	 0.018809
[949]	 1.895277	 -0.625923	 0.951085	 0.740754	 -0.020695	 0.162311	 0.089167	 -0.190140	 -0.060111	 -0.064552	 -0.131011	 -0.011753
[499]	 0.951050	 -0.634317	 0.275288	 0.093801	 0.255194	 0.267997	 0.307027	 0.069566	 -0.003321	 0.094829	 0.030864	 -0.006988
	 --> Iteration: 13 	 Current Distortion: 3.680690


	 --> Iteration: 14 	 Codebook
Cluster Size    c[1]	    c[2]	   c[3]		   c[4]		   c[5]		   c[6]		   c[7]		   c[8]		    c[9]	   c[10]	  c[11]		   c[12]
[607]	 1.916188	 -0.644236	 0.921318	 0.594013	 0.117528	 0.147742	 -0.097357	 -0.101296	 0.047525	 -0.158911	 -0.125299	 0.068418
[355]	 2.124066	 -0.531161	 0.663743	 0.723413	 0.080625	 0.194339	 0.188999	 -0.205208	 -0.149223	 0.086909	 0.006877	 -0.098424
[599]	 2.058137	 -0.714861	 0.851873	 0.974542	 0.042478	 -0.060690	 0.220504	 -0.091933	 -0.224024	 -0.051806	 -0.046505	 -0.123413
[1115]	 2.411296	 -1.055377	 0.510092	 0.162813	 -0.128114	 -0.315245	 -0.418426	 -0.154767	 -0.130209	 -0.077908	 0.098911	 0.007388
[1039]	 0.965730	 -1.818650	 0.329858	 1.069978	 0.406932	 0.255231	 0.187950	 -0.149761	 -0.015190	 0.233418	 0.163467	 -0.046567
[1176]	 1.671072	 -1.870086	 0.295478	 0.516406	 0.405903	 0.503456	 0.141658	 -0.146991	 -0.235141	 -0.041105	 0.193942	 0.018620
[953]	 1.896282	 -0.623960	 0.949572	 0.739264	 -0.018629	 0.163024	 0.087964	 -0.190633	 -0.059485	 -0.064955	 -0.131055	 -0.010805
[496]	 0.945752	 -0.632261	 0.277314	 0.091147	 0.256772	 0.266346	 0.304977	 0.070044	 -0.001690	 0.094822	 0.029805	 -0.006868
	 --> Iteration: 14 	 Current Distortion: 3.679056


	 --> Iteration: 15 	 Codebook
Cluster Size    c[1]	    c[2]	   c[3]		   c[4]		   c[5]		   c[6]		   c[7]		   c[8]		    c[9]	   c[10]	  c[11]		   c[12]
[600]	 1.917959	 -0.644691	 0.921054	 0.592659	 0.119019	 0.147567	 -0.099101	 -0.099989	 0.048588	 -0.159226	 -0.125063	 0.068692
[356]	 2.123668	 -0.532751	 0.664205	 0.723939	 0.080171	 0.194497	 0.188989	 -0.205288	 -0.149325	 0.086675	 0.006496	 -0.098582
[600]	 2.058044	 -0.714255	 0.852270	 0.974590	 0.042481	 -0.060625	 0.220354	 -0.091954	 -0.223817	 -0.051887	 -0.046631	 -0.123272
[1114]	 2.411620	 -1.055962	 0.509849	 0.162732	 -0.128323	 -0.315469	 -0.418405	 -0.154943	 -0.130494	 -0.077903	 0.098909	 0.007285
[1039]	 0.965730	 -1.818650	 0.329858	 1.069978	 0.406932	 0.255231	 0.187950	 -0.149761	 -0.015190	 0.233418	 0.163467	 -0.046567
[1178]	 1.671310	 -1.868530	 0.294319	 0.516550	 0.405435	 0.503521	 0.142238	 -0.146738	 -0.235093	 -0.040942	 0.193767	 0.018447
[959]	 1.895281	 -0.623384	 0.949334	 0.738089	 -0.018439	 0.162885	 0.087004	 -0.190602	 -0.058938	 -0.065499	 -0.130929	 -0.010081
[494]	 0.942247	 -0.630958	 0.280005	 0.089082	 0.257283	 0.265231	 0.304254	 0.070319	 -0.000859	 0.094985	 0.029559	 -0.006558
	 --> Iteration: 15 	 Current Distortion: 3.678811


	 --> Iteration: 16 	 Codebook
Cluster Size    c[1]	    c[2]	   c[3]		   c[4]		   c[5]		   c[6]		   c[7]		   c[8]		    c[9]	   c[10]	  c[11]		   c[12]
[594]	 1.918525	 -0.645136	 0.921951	 0.591758	 0.119637	 0.148003	 -0.100482	 -0.099373	 0.049240	 -0.159552	 -0.124868	 0.068658
[356]	 2.123668	 -0.532751	 0.664205	 0.723939	 0.080171	 0.194497	 0.188989	 -0.205288	 -0.149325	 0.086675	 0.006496	 -0.098582
[600]	 2.058044	 -0.714255	 0.852270	 0.974590	 0.042481	 -0.060625	 0.220354	 -0.091954	 -0.223817	 -0.051887	 -0.046631	 -0.123272
[1114]	 2.411620	 -1.055962	 0.509849	 0.162732	 -0.128323	 -0.315469	 -0.418405	 -0.154943	 -0.130494	 -0.077903	 0.098909	 0.007285
[1039]	 0.965730	 -1.818650	 0.329858	 1.069978	 0.406932	 0.255231	 0.187950	 -0.149761	 -0.015190	 0.233418	 0.163467	 -0.046567
[1183]	 1.673040	 -1.863879	 0.291098	 0.516345	 0.404080	 0.504047	 0.143629	 -0.146218	 -0.235404	 -0.040468	 0.193186	 0.018022
[965]	 1.895073	 -0.623243	 0.948607	 0.737740	 -0.017965	 0.162522	 0.086697	 -0.190418	 -0.058671	 -0.065881	 -0.131013	 -0.009570
[489]	 0.930607	 -0.629556	 0.287652	 0.085207	 0.259047	 0.261521	 0.302545	 0.071280	 0.002288	 0.095227	 0.029285	 -0.005785
	 --> Iteration: 16 	 Current Distortion: 3.678690


	 --> Iteration: 17 	 Codebook
Cluster Size    c[1]	    c[2]	   c[3]		   c[4]		   c[5]		   c[6]		   c[7]		   c[8]		    c[9]	   c[10]	  c[11]		   c[12]
[587]	 1.918433	 -0.644789	 0.921947	 0.590101	 0.120740	 0.148266	 -0.101578	 -0.098680	 0.050055	 -0.159795	 -0.124654	 0.068768
[357]	 2.123425	 -0.534231	 0.663018	 0.722647	 0.079468	 0.193785	 0.189861	 -0.204647	 -0.149607	 0.086835	 0.007008	 -0.098668
[600]	 2.058044	 -0.714255	 0.852270	 0.974590	 0.042481	 -0.060625	 0.220354	 -0.091954	 -0.223817	 -0.051887	 -0.046631	 -0.123272
[1114]	 2.411620	 -1.055962	 0.509849	 0.162732	 -0.128323	 -0.315469	 -0.418405	 -0.154943	 -0.130494	 -0.077903	 0.098909	 0.007285
[1039]	 0.965730	 -1.818650	 0.329858	 1.069978	 0.406932	 0.255231	 0.187950	 -0.149761	 -0.015190	 0.233418	 0.163467	 -0.046567
[1183]	 1.673040	 -1.863879	 0.291098	 0.516345	 0.404080	 0.504047	 0.143629	 -0.146218	 -0.235404	 -0.040468	 0.193186	 0.018022
[972]	 1.895297	 -0.623610	 0.948417	 0.737689	 -0.017640	 0.162258	 0.086011	 -0.190180	 -0.058386	 -0.066408	 -0.131098	 -0.009073
[488]	 0.928340	 -0.628672	 0.287748	 0.084844	 0.259929	 0.262179	 0.302140	 0.071378	 0.002805	 0.095128	 0.028957	 -0.005532
	 --> Iteration: 17 	 Current Distortion: 3.678471


	 --> Iteration: 18 	 Codebook
Cluster Size    c[1]	    c[2]	   c[3]		   c[4]		   c[5]		   c[6]		   c[7]		   c[8]		    c[9]	   c[10]	  c[11]		   c[12]
[584]	 1.918124	 -0.645378	 0.922629	 0.589867	 0.120608	 0.148102	 -0.101942	 -0.097926	 0.050195	 -0.160255	 -0.124469	 0.069004
[357]	 2.123425	 -0.534231	 0.663018	 0.722647	 0.079468	 0.193785	 0.189861	 -0.204647	 -0.149607	 0.086835	 0.007008	 -0.098668
[601]	 2.057611	 -0.714616	 0.852444	 0.974454	 0.042331	 -0.060114	 0.220428	 -0.092097	 -0.223815	 -0.051882	 -0.046586	 -0.123120
[1114]	 2.411620	 -1.055962	 0.509849	 0.162732	 -0.128323	 -0.315469	 -0.418405	 -0.154943	 -0.130494	 -0.077903	 0.098909	 0.007285
[1038]	 0.966413	 -1.819156	 0.329347	 1.070518	 0.406712	 0.255167	 0.188039	 -0.149993	 -0.015300	 0.233490	 0.163470	 -0.046660
[1183]	 1.673040	 -1.863879	 0.291098	 0.516345	 0.404080	 0.504047	 0.143629	 -0.146218	 -0.235404	 -0.040468	 0.193186	 0.018022
[974]	 1.895654	 -0.623006	 0.947918	 0.737215	 -0.017104	 0.162227	 0.085468	 -0.190363	 -0.057967	 -0.066438	 -0.131303	 -0.008951
[489]	 0.926968	 -0.630032	 0.288919	 0.085712	 0.260697	 0.262301	 0.301717	 0.071420	 0.003003	 0.095257	 0.029226	 -0.005417
	 --> Iteration: 18 	 Current Distortion: 3.678435


	 --> Iteration: 19 	 Codebook
Cluster Size    c[1]	    c[2]	   c[3]		   c[4]		   c[5]		   c[6]		   c[7]		   c[8]		    c[9]	   c[10]	  c[11]		   c[12]
[583]	 1.919228	 -0.645457	 0.922607	 0.589134	 0.120174	 0.147447	 -0.102488	 -0.097128	 0.050523	 -0.160621	 -0.124017	 0.069570
[356]	 2.123942	 -0.535032	 0.662399	 0.723464	 0.078676	 0.193958	 0.189915	 -0.204949	 -0.149446	 0.087302	 0.007099	 -0.099091
[601]	 2.057611	 -0.714616	 0.852444	 0.974454	 0.042331	 -0.060114	 0.220428	 -0.092097	 -0.223815	 -0.051882	 -0.046586	 -0.123120
[1113]	 2.411794	 -1.056513	 0.509364	 0.162755	 -0.128430	 -0.315667	 -0.418484	 -0.155243	 -0.130729	 -0.077820	 0.098857	 0.007113
[1037]	 0.966984	 -1.819543	 0.328943	 1.071045	 0.406752	 0.255188	 0.188050	 -0.150073	 -0.015405	 0.233500	 0.163642	 -0.046719
[1183]	 1.673040	 -1.863879	 0.291098	 0.516345	 0.404080	 0.504047	 0.143629	 -0.146218	 -0.235404	 -0.040468	 0.193186	 0.018022
[977]	 1.895393	 -0.622415	 0.947944	 0.736576	 -0.016310	 0.162309	 0.085264	 -0.190271	 -0.058011	 -0.066436	 -0.131163	 -0.008934
[490]	 0.925838	 -0.631640	 0.289858	 0.086607	 0.260911	 0.262241	 0.301463	 0.071137	 0.003187	 0.095519	 0.029136	 -0.005378
	 --> Iteration: 19 	 Current Distortion: 3.678411


	 --> Iteration: 20 	 Codebook
Cluster Size    c[1]	    c[2]	   c[3]		   c[4]		   c[5]		   c[6]		   c[7]		   c[8]		    c[9]	   c[10]	  c[11]		   c[12]
[580]	 1.919637	 -0.644742	 0.922491	 0.588411	 0.120091	 0.147617	 -0.102881	 -0.096946	 0.050745	 -0.161012	 -0.124025	 0.069940
[356]	 2.123082	 -0.536576	 0.663344	 0.724207	 0.077007	 0.194188	 0.190031	 -0.204823	 -0.149923	 0.087369	 0.007306	 -0.099327
[601]	 2.057668	 -0.715044	 0.852797	 0.974706	 0.041920	 -0.059982	 0.220708	 -0.092062	 -0.223780	 -0.051761	 -0.046881	 -0.123254
[1113]	 2.411794	 -1.056513	 0.509364	 0.162755	 -0.128430	 -0.315667	 -0.418484	 -0.155243	 -0.130729	 -0.077820	 0.098857	 0.007113
[1037]	 0.966984	 -1.819543	 0.328943	 1.071045	 0.406752	 0.255188	 0.188050	 -0.150073	 -0.015405	 0.233500	 0.163642	 -0.046719
[1183]	 1.673040	 -1.863879	 0.291098	 0.516345	 0.404080	 0.504047	 0.143629	 -0.146218	 -0.235404	 -0.040468	 0.193186	 0.018022
[980]	 1.895500	 -0.622086	 0.947375	 0.736128	 -0.014984	 0.161999	 0.084708	 -0.190162	 -0.057659	 -0.066591	 -0.131031	 -0.008745
[490]	 0.925838	 -0.631640	 0.289858	 0.086607	 0.260911	 0.262241	 0.301463	 0.071137	 0.003187	 0.095519	 0.029136	 -0.005378
	 --> Iteration: 20 	 Current Distortion: 3.678383


	 --> Iteration: 21 	 Codebook
Cluster Size    c[1]	    c[2]	   c[3]		   c[4]		   c[5]		   c[6]		   c[7]		   c[8]		    c[9]	   c[10]	  c[11]		   c[12]
[576]	 1.920739	 -0.645761	 0.923559	 0.587169	 0.119869	 0.147968	 -0.103342	 -0.096447	 0.051143	 -0.161345	 -0.124232	 0.070422
[357]	 2.122888	 -0.537328	 0.663917	 0.724759	 0.076553	 0.194437	 0.189918	 -0.205054	 -0.149788	 0.087387	 0.006766	 -0.099497
[601]	 2.057668	 -0.715044	 0.852797	 0.974706	 0.041920	 -0.059982	 0.220708	 -0.092062	 -0.223780	 -0.051761	 -0.046881	 -0.123254
[1113]	 2.411794	 -1.056513	 0.509364	 0.162755	 -0.128430	 -0.315667	 -0.418484	 -0.155243	 -0.130729	 -0.077820	 0.098857	 0.007113
[1037]	 0.966984	 -1.819543	 0.328943	 1.071045	 0.406752	 0.255188	 0.188050	 -0.150073	 -0.015405	 0.233500	 0.163642	 -0.046719
[1183]	 1.673040	 -1.863879	 0.291098	 0.516345	 0.404080	 0.504047	 0.143629	 -0.146218	 -0.235404	 -0.040468	 0.193186	 0.018022
[983]	 1.894792	 -0.621395	 0.946729	 0.736067	 -0.014233	 0.161612	 0.084148	 -0.189976	 -0.057406	 -0.066943	 -0.130826	 -0.008554
[490]	 0.925838	 -0.631640	 0.289858	 0.086607	 0.260911	 0.262241	 0.301463	 0.071137	 0.003187	 0.095519	 0.029136	 -0.005378
	 --> Iteration: 21 	 Current Distortion: 3.678350


	 --> Iteration: 22 	 Codebook
Cluster Size    c[1]	    c[2]	   c[3]		   c[4]		   c[5]		   c[6]		   c[7]		   c[8]		    c[9]	   c[10]	  c[11]		   c[12]
[572]	 1.920016	 -0.646490	 0.924512	 0.586305	 0.120272	 0.148036	 -0.103764	 -0.095510	 0.051831	 -0.161513	 -0.124178	 0.070341
[357]	 2.122888	 -0.537328	 0.663917	 0.724759	 0.076553	 0.194437	 0.189918	 -0.205054	 -0.149788	 0.087387	 0.006766	 -0.099497
[601]	 2.057668	 -0.715044	 0.852797	 0.974706	 0.041920	 -0.059982	 0.220708	 -0.092062	 -0.223780	 -0.051761	 -0.046881	 -0.123254
[1113]	 2.411794	 -1.056513	 0.509364	 0.162755	 -0.128430	 -0.315667	 -0.418484	 -0.155243	 -0.130729	 -0.077820	 0.098857	 0.007113
[1037]	 0.966984	 -1.819543	 0.328943	 1.071045	 0.406752	 0.255188	 0.188050	 -0.150073	 -0.015405	 0.233500	 0.163642	 -0.046719
[1183]	 1.673040	 -1.863879	 0.291098	 0.516345	 0.404080	 0.504047	 0.143629	 -0.146218	 -0.235404	 -0.040468	 0.193186	 0.018022
[987]	 1.895316	 -0.621071	 0.946082	 0.735963	 -0.013924	 0.161517	 0.083633	 -0.190140	 -0.057365	 -0.067228	 -0.130831	 -0.008187
[490]	 0.925838	 -0.631640	 0.289858	 0.086607	 0.260911	 0.262241	 0.301463	 0.071137	 0.003187	 0.095519	 0.029136	 -0.005378
	 --> Iteration: 22 	 Current Distortion: 3.678328


	 --> Iteration: 23 	 Codebook
Cluster Size    c[1]	    c[2]	   c[3]		   c[4]		   c[5]		   c[6]		   c[7]		   c[8]		    c[9]	   c[10]	  c[11]		   c[12]
[566]	 1.919779	 -0.648092	 0.924966	 0.584699	 0.121966	 0.148495	 -0.104007	 -0.094383	 0.052481	 -0.161812	 -0.124066	 0.070403
[357]	 2.122888	 -0.537328	 0.663917	 0.724759	 0.076553	 0.194437	 0.189918	 -0.205054	 -0.149788	 0.087387	 0.006766	 -0.099497
[601]	 2.057668	 -0.715044	 0.852797	 0.974706	 0.041920	 -0.059982	 0.220708	 -0.092062	 -0.223780	 -0.051761	 -0.046881	 -0.123254
[1113]	 2.411794	 -1.056513	 0.509364	 0.162755	 -0.128430	 -0.315667	 -0.418484	 -0.155243	 -0.130729	 -0.077820	 0.098857	 0.007113
[1037]	 0.966984	 -1.819543	 0.328943	 1.071045	 0.406752	 0.255188	 0.188050	 -0.150073	 -0.015405	 0.233500	 0.163642	 -0.046719
[1183]	 1.673040	 -1.863879	 0.291098	 0.516345	 0.404080	 0.504047	 0.143629	 -0.146218	 -0.235404	 -0.040468	 0.193186	 0.018022
[993]	 1.895601	 -0.620312	 0.945694	 0.735975	 -0.014078	 0.161174	 0.082639	 -0.190211	 -0.057075	 -0.067627	 -0.130854	 -0.007748
[490]	 0.925838	 -0.631640	 0.289858	 0.086607	 0.260911	 0.262241	 0.301463	 0.071137	 0.003187	 0.095519	 0.029136	 -0.005378
	 --> Iteration: 23 	 Current Distortion: 3.678299


	 --> Iteration: 24 	 Codebook
Cluster Size    c[1]	    c[2]	   c[3]		   c[4]		   c[5]		   c[6]		   c[7]		   c[8]		    c[9]	   c[10]	  c[11]		   c[12]
[563]	 1.920014	 -0.648519	 0.925092	 0.584015	 0.122701	 0.148763	 -0.104046	 -0.093744	 0.052699	 -0.162052	 -0.123813	 0.070582
[357]	 2.122888	 -0.537328	 0.663917	 0.724759	 0.076553	 0.194437	 0.189918	 -0.205054	 -0.149788	 0.087387	 0.006766	 -0.099497
[601]	 2.057668	 -0.715044	 0.852797	 0.974706	 0.041920	 -0.059982	 0.220708	 -0.092062	 -0.223780	 -0.051761	 -0.046881	 -0.123254
[1113]	 2.411794	 -1.056513	 0.509364	 0.162755	 -0.128430	 -0.315667	 -0.418484	 -0.155243	 -0.130729	 -0.077820	 0.098857	 0.007113
[1037]	 0.966984	 -1.819543	 0.328943	 1.071045	 0.406752	 0.255188	 0.188050	 -0.150073	 -0.015405	 0.233500	 0.163642	 -0.046719
[1183]	 1.673040	 -1.863879	 0.291098	 0.516345	 0.404080	 0.504047	 0.143629	 -0.146218	 -0.235404	 -0.040468	 0.193186	 0.018022
[996]	 1.895540	 -0.620154	 0.945560	 0.735906	 -0.014084	 0.160984	 0.082099	 -0.190283	 -0.056868	 -0.067775	 -0.130977	 -0.007613
[490]	 0.925838	 -0.631640	 0.289858	 0.086607	 0.260911	 0.262241	 0.301463	 0.071137	 0.003187	 0.095519	 0.029136	 -0.005378
	 --> Iteration: 24 	 Current Distortion: 3.678264


	 --> Iteration: 25 	 Codebook
Cluster Size    c[1]	    c[2]	   c[3]		   c[4]		   c[5]		   c[6]		   c[7]		   c[8]		    c[9]	   c[10]	  c[11]		   c[12]
[561]	 1.919808	 -0.648348	 0.924896	 0.583591	 0.123210	 0.148892	 -0.104263	 -0.093485	 0.052769	 -0.162213	 -0.123632	 0.070693
[358]	 2.123007	 -0.537709	 0.664272	 0.724868	 0.076247	 0.194368	 0.189778	 -0.204969	 -0.149713	 0.087153	 0.006445	 -0.099573
[601]	 2.057668	 -0.715044	 0.852797	 0.974706	 0.041920	 -0.059982	 0.220708	 -0.092062	 -0.223780	 -0.051761	 -0.046881	 -0.123254
[1113]	 2.411794	 -1.056513	 0.509364	 0.162755	 -0.128430	 -0.315667	 -0.418484	 -0.155243	 -0.130729	 -0.077820	 0.098857	 0.007113
[1037]	 0.966984	 -1.819543	 0.328943	 1.071045	 0.406752	 0.255188	 0.188050	 -0.150073	 -0.015405	 0.233500	 0.163642	 -0.046719
[1183]	 1.673040	 -1.863879	 0.291098	 0.516345	 0.404080	 0.504047	 0.143629	 -0.146218	 -0.235404	 -0.040468	 0.193186	 0.018022
[997]	 1.895435	 -0.620254	 0.945784	 0.735812	 -0.014077	 0.160878	 0.081790	 -0.190251	 -0.056622	 -0.067946	 -0.131087	 -0.007400
[490]	 0.925838	 -0.631640	 0.289858	 0.086607	 0.260911	 0.262241	 0.301463	 0.071137	 0.003187	 0.095519	 0.029136	 -0.005378
	 --> Iteration: 25 	 Current Distortion: 3.678255


****************------- Kmeans Final Codebook -------**************
Cluster Size    c[1]	    c[2]	   c[3]		   c[4]		   c[5]		   c[6]		   c[7]		   c[8]		    c[9]	   c[10]	  c[11]		   c[12]
[561]	 1.919808	 -0.648348	 0.924896	 0.583591	 0.123210	 0.148892	 -0.104263	 -0.093485	 0.052769	 -0.162213	 -0.123632	 0.070693
[358]	 2.123007	 -0.537709	 0.664272	 0.724868	 0.076247	 0.194368	 0.189778	 -0.204969	 -0.149713	 0.087153	 0.006445	 -0.099573
[601]	 2.057668	 -0.715044	 0.852797	 0.974706	 0.041920	 -0.059982	 0.220708	 -0.092062	 -0.223780	 -0.051761	 -0.046881	 -0.123254
[1113]	 2.411794	 -1.056513	 0.509364	 0.162755	 -0.128430	 -0.315667	 -0.418484	 -0.155243	 -0.130729	 -0.077820	 0.098857	 0.007113
[1037]	 0.966984	 -1.819543	 0.328943	 1.071045	 0.406752	 0.255188	 0.188050	 -0.150073	 -0.015405	 0.233500	 0.163642	 -0.046719
[1183]	 1.673040	 -1.863879	 0.291098	 0.516345	 0.404080	 0.504047	 0.143629	 -0.146218	 -0.235404	 -0.040468	 0.193186	 0.018022
[997]	 1.895435	 -0.620254	 0.945784	 0.735812	 -0.014077	 0.160878	 0.081790	 -0.190251	 -0.056622	 -0.067946	 -0.131087	 -0.007400
[490]	 0.925838	 -0.631640	 0.289858	 0.086607	 0.260911	 0.262241	 0.301463	 0.071137	 0.003187	 0.095519	 0.029136	 -0.005378

Kmeans: 
Total iterations = 25
Distortion difference = 0.000009
Current Distortion = 3.678255
Old Distortion = 3.678264

	---------------------- Ending K Means Algo ----------------------
